       0.000000,        0.000000,        1.000000
       0.008008,        0.008243,        1.070180
       0.016016,        0.017044,        1.139461
       0.024024,        0.026397,        1.207829
       0.032032,        0.036295,        1.275269
       0.040040,        0.046730,        1.341766
       0.048048,        0.057694,        1.407308
       0.056056,        0.069179,        1.471880
       0.064064,        0.081179,        1.535470
       0.072072,        0.093684,        1.598065
       0.080080,        0.106687,        1.659654
       0.088088,        0.120180,        1.720223
       0.096096,        0.134155,        1.779763
       0.104104,        0.148603,        1.838262
       0.112112,        0.163516,        1.895710
       0.120120,        0.178885,        1.952096
       0.128128,        0.194702,        2.007412
       0.136136,        0.210959,        2.061647
       0.144144,        0.227647,        2.114794
       0.152152,        0.244756,        2.166843
       0.160160,        0.262279,        2.217788
       0.168168,        0.280205,        2.267620
       0.176176,        0.298527,        2.316332
       0.184184,        0.317236,        2.363917
       0.192192,        0.336322,        2.410370
       0.200200,        0.355775,        2.455685
       0.208208,        0.375588,        2.499855
       0.216216,        0.395751,        2.542877
       0.224224,        0.416255,        2.584745
       0.232232,        0.437090,        2.625454
       0.240240,        0.458247,        2.665002
       0.248248,        0.479717,        2.703385
       0.256256,        0.501490,        2.740600
       0.264264,        0.523558,        2.776644
       0.272272,        0.545910,        2.811514
       0.280280,        0.568537,        2.845210
       0.288288,        0.591431,        2.877730
       0.296296,        0.614581,        2.909072
       0.304304,        0.637978,        2.939236
       0.312312,        0.661612,        2.968221
       0.320320,        0.685475,        2.996028
       0.328328,        0.709556,        3.022657
       0.336336,        0.733847,        3.048110
       0.344344,        0.758338,        3.072386
       0.352352,        0.783019,        3.095488
       0.360360,        0.807882,        3.117418
       0.368368,        0.832916,        3.138177
       0.376376,        0.858112,        3.157769
       0.384384,        0.883461,        3.176197
       0.392392,        0.908954,        3.193464
       0.400400,        0.934582,        3.209573
       0.408408,        0.960335,        3.224529
       0.416416,        0.986203,        3.238335
       0.424424,        1.012178,        3.250998
       0.432432,        1.038251,        3.262521
       0.440440,        1.064413,        3.272910
       0.448448,        1.090654,        3.282171
       0.456456,        1.116965,        3.290310
       0.464464,        1.143338,        3.297333
       0.472472,        1.169763,        3.303246
       0.480480,        1.196232,        3.308057
       0.488488,        1.222735,        3.311772
       0.496496,        1.249265,        3.314400
       0.504505,        1.275813,        3.315948
       0.512513,        1.302369,        3.316423
       0.520521,        1.328925,        3.315836
       0.528529,        1.355473,        3.314193
       0.536537,        1.382005,        3.311504
       0.544545,        1.408511,        3.307778
       0.552553,        1.434985,        3.303025
       0.560561,        1.461416,        3.297254
       0.568569,        1.487799,        3.290475
       0.576577,        1.514123,        3.282698
       0.584585,        1.540382,        3.273934
       0.592593,        1.566568,        3.264193
       0.600601,        1.592672,        3.253486
       0.608609,        1.618687,        3.241824
       0.616617,        1.644606,        3.229219
       0.624625,        1.670421,        3.215682
       0.632633,        1.696124,        3.201224
       0.640641,        1.721709,        3.185858
       0.648649,        1.747167,        3.169596
       0.656657,        1.772493,        3.152450
       0.664665,        1.797678,        3.134432
       0.672673,        1.822716,        3.115556
       0.680681,        1.847600,        3.095833
       0.688689,        1.872323,        3.075278
       0.696697,        1.896879,        3.053903
       0.704705,        1.921261,        3.031721
       0.712713,        1.945462,        3.008747
       0.720721,        1.969477,        2.984993
       0.728729,        1.993300,        2.960473
       0.736737,        2.016923,        2.935202
       0.744745,        2.040342,        2.909193
       0.752753,        2.063550,        2.882461
       0.760761,        2.086541,        2.855019
       0.768769,        2.109311,        2.826883
       0.776777,        2.131852,        2.798066
       0.784785,        2.154161,        2.768584
       0.792793,        2.176232,        2.738450
       0.800801,        2.198059,        2.707681
       0.808809,        2.219637,        2.676290
       0.816817,        2.240963,        2.644293
       0.824825,        2.262030,        2.611704
       0.832833,        2.282834,        2.578539
       0.840841,        2.303370,        2.544813
       0.848849,        2.323635,        2.510541
       0.856857,        2.343624,        2.475739
       0.864865,        2.363332,        2.440421
       0.872873,        2.382755,        2.404604
       0.880881,        2.401891,        2.368302
       0.888889,        2.420733,        2.331530
       0.896897,        2.439280,        2.294306
       0.904905,        2.457528,        2.256643
       0.912913,        2.475472,        2.218558
       0.920921,        2.493110,        2.180066
       0.928929,        2.510438,        2.141182
       0.936937,        2.527454,        2.101922
       0.944945,        2.544154,        2.062302
       0.952953,        2.560536,        2.022337
       0.960961,        2.576596,        1.982042
       0.968969,        2.592333,        1.941434
       0.976977,        2.607744,        1.900527
       0.984985,        2.622826,        1.859337
       0.992993,        2.637577,        1.817879
       1.001001,        2.651996,        1.776170
       1.009009,        2.666080,        1.734223
       1.017017,        2.679827,        1.692054
       1.025025,        2.693235,        1.649680
       1.033033,        2.706304,        1.607114
       1.041041,        2.719031,        1.564371
       1.049049,        2.731416,        1.521468
       1.057057,        2.743456,        1.478419
       1.065065,        2.755151,        1.435238
       1.073073,        2.766500,        1.391942
       1.081081,        2.777502,        1.348543
       1.089089,        2.788156,        1.305058
       1.097097,        2.798462,        1.261500
       1.105105,        2.808418,        1.217885
       1.113113,        2.818025,        1.174226
       1.121121,        2.827283,        1.130538
       1.129129,        2.836190,        1.086836
       1.137137,        2.844748,        1.043132
       1.145145,        2.852956,        0.999442
       1.153153,        2.860813,        0.955778
       1.161161,        2.868322,        0.912155
       1.169169,        2.875481,        0.868587
       1.177177,        2.882291,        0.825086
       1.185185,        2.888754,        0.781667
       1.193193,        2.894869,        0.738342
       1.201201,        2.900637,        0.695125
       1.209209,        2.906060,        0.652028
       1.217217,        2.911138,        0.609064
       1.225225,        2.915872,        0.566246
       1.233233,        2.920264,        0.523587
       1.241241,        2.924315,        0.481099
       1.249249,        2.928027,        0.438794
       1.257257,        2.931400,        0.396684
       1.265265,        2.934437,        0.354781
       1.273273,        2.937139,        0.313097
       1.281281,        2.939508,        0.271643
       1.289289,        2.941545,        0.230432
       1.297297,        2.943254,        0.189473
       1.305305,        2.944635,        0.148778
       1.313313,        2.945692,        0.108359
       1.321321,        2.946425,        0.068225
       1.329329,        2.946839,        0.028388
       1.337337,        2.946934,       -0.011143
       1.345345,        2.946714,       -0.050356
       1.353353,        2.946181,       -0.089243
       1.361361,        2.945337,       -0.127792
       1.369369,        2.944186,       -0.165996
       1.377377,        2.942731,       -0.203843
       1.385385,        2.940973,       -0.241325
       1.393393,        2.938917,       -0.278433
       1.401401,        2.936564,       -0.315158
       1.409409,        2.933919,       -0.351491
       1.417417,        2.930984,       -0.387423
       1.425425,        2.927763,       -0.422947
       1.433433,        2.924259,       -0.458054
       1.441441,        2.920475,       -0.492736
       1.449449,        2.916414,       -0.526986
       1.457457,        2.912081,       -0.560796
       1.465465,        2.907479,       -0.594159
       1.473473,        2.902611,       -0.627067
       1.481481,        2.897481,       -0.659514
       1.489489,        2.892093,       -0.691493
       1.497497,        2.886450,       -0.722998
       1.505506,        2.880556,       -0.754021
       1.513514,        2.874416,       -0.784558
       1.521522,        2.868033,       -0.814602
       1.529530,        2.861411,       -0.844148
       1.537538,        2.854554,       -0.873189
       1.545546,        2.847466,       -0.901721
       1.553554,        2.840151,       -0.929739
       1.561562,        2.832614,       -0.957238
       1.569570,        2.824858,       -0.984212
       1.577578,        2.816888,       -1.010658
       1.585586,        2.808708,       -1.036572
       1.593594,        2.800322,       -1.061949
       1.601602,        2.791735,       -1.086785
       1.609610,        2.782951,       -1.111078
       1.617618,        2.773974,       -1.134822
       1.625626,        2.764809,       -1.158016
       1.633634,        2.755460,       -1.180656
       1.641642,        2.745931,       -1.202739
       1.649650,        2.736227,       -1.224262
       1.657658,        2.726353,       -1.245224
       1.665666,        2.716313,       -1.265621
       1.673674,        2.706112,       -1.285453
       1.681682,        2.695753,       -1.304716
       1.689690,        2.685243,       -1.323410
       1.697698,        2.674584,       -1.341532
       1.705706,        2.663782,       -1.359082
       1.713714,        2.652842,       -1.376059
       1.721722,        2.641767,       -1.392461
       1.729730,        2.630563,       -1.408289
       1.737738,        2.619235,       -1.423541
       1.745746,        2.607786,       -1.438217
       1.753754,        2.596221,       -1.452317
       1.761762,        2.584546,       -1.465841
       1.769770,        2.572764,       -1.478789
       1.777778,        2.560880,       -1.491163
       1.785786,        2.548899,       -1.502961
       1.793794,        2.536826,       -1.514186
       1.801802,        2.524665,       -1.524838
       1.809810,        2.512420,       -1.534918
       1.817818,        2.500096,       -1.544428
       1.825826,        2.487698,       -1.553369
       1.833834,        2.475231,       -1.561742
       1.841842,        2.462698,       -1.569551
       1.849850,        2.450105,       -1.576795
       1.857858,        2.437455,       -1.583478
       1.865866,        2.424754,       -1.589603
       1.873874,        2.412006,       -1.595170
       1.881882,        2.399215,       -1.600184
       1.889890,        2.386385,       -1.604647
       1.897898,        2.373522,       -1.608562
       1.905906,        2.360629,       -1.611931
       1.913914,        2.347711,       -1.614759
       1.921922,        2.334772,       -1.617048
       1.929930,        2.321817,       -1.618802
       1.937938,        2.308849,       -1.620025
       1.945946,        2.295874,       -1.620721
       1.953954,        2.282894,       -1.620893
       1.961962,        2.269915,       -1.620546
       1.969970,        2.256940,       -1.619684
       1.977978,        2.243974,       -1.618311
       1.985986,        2.231021,       -1.616432
       1.993994,        2.218084,       -1.614051
       2.002002,        2.205168,       -1.611173
       2.010010,        2.192277,       -1.607803
       2.018018,        2.179414,       -1.603946
       2.026026,        2.166584,       -1.599607
       2.034034,        2.153790,       -1.594791
       2.042042,        2.141037,       -1.589504
       2.050050,        2.128327,       -1.583751
       2.058058,        2.115665,       -1.577537
       2.066066,        2.103054,       -1.570869
       2.074074,        2.090498,       -1.563751
       2.082082,        2.078001,       -1.556190
       2.090090,        2.065565,       -1.548192
       2.098098,        2.053195,       -1.539762
       2.106106,        2.040894,       -1.530907
       2.114114,        2.028665,       -1.521633
       2.122122,        2.016512,       -1.511946
       2.130130,        2.004438,       -1.501853
       2.138138,        1.992446,       -1.491360
       2.146146,        1.980540,       -1.480474
       2.154154,        1.968721,       -1.469201
       2.162162,        1.956995,       -1.457547
       2.170170,        1.945363,       -1.445520
       2.178178,        1.933828,       -1.433127
       2.186186,        1.922394,       -1.420374
       2.194194,        1.911063,       -1.407268
       2.202202,        1.899839,       -1.393817
       2.210210,        1.888723,       -1.380026
       2.218218,        1.877719,       -1.365904
       2.226226,        1.866828,       -1.351457
       2.234234,        1.856055,       -1.336693
       2.242242,        1.845401,       -1.321619
       2.250250,        1.834869,       -1.306242
       2.258258,        1.824461,       -1.290570
       2.266266,        1.814179,       -1.274609
       2.274274,        1.804026,       -1.258368
       2.282282,        1.794004,       -1.241853
       2.290290,        1.784115,       -1.225073
       2.298298,        1.774361,       -1.208033
       2.306306,        1.764745,       -1.190743
       2.314314,        1.755268,       -1.173210
       2.322322,        1.745932,       -1.155440
       2.330330,        1.736739,       -1.137442
       2.338338,        1.727691,       -1.119224
       2.346346,        1.718790,       -1.100792
       2.354354,        1.710037,       -1.082154
       2.362362,        1.701434,       -1.063319
       2.370370,        1.692982,       -1.044293
       2.378378,        1.684683,       -1.025084
       2.386386,        1.676539,       -1.005700
       2.394394,        1.668551,       -0.986148
       2.402402,        1.660719,       -0.966436
       2.410410,        1.653046,       -0.946571
       2.418418,        1.645533,       -0.926561
       2.426426,        1.638180,       -0.906414
       2.434434,        1.630989,       -0.886137
       2.442442,        1.623961,       -0.865738
       2.450450,        1.617096,       -0.845224
       2.458458,        1.610397,       -0.824602
       2.466466,        1.603862,       -0.803880
       2.474474,        1.597494,       -0.783065
       2.482482,        1.591293,       -0.762166
       2.490490,        1.585260,       -0.741188
       2.498498,        1.579395,       -0.720140
       2.506507,        1.573698,       -0.699029
       2.514515,        1.568171,       -0.677861
       2.522523,        1.562813,       -0.656645
       2.530531,        1.557626,       -0.635387
       2.538539,        1.552609,       -0.614095
       2.546547,        1.547762,       -0.592775
       2.554555,        1.543086,       -0.571435
       2.562563,        1.538582,       -0.550081
       2.570571,        1.534248,       -0.528721
       2.578579,        1.530085,       -0.507361
       2.586587,        1.526093,       -0.486009
       2.594595,        1.522273,       -0.464670
       2.602603,        1.518623,       -0.443353
       2.610611,        1.515143,       -0.422062
       2.618619,        1.511834,       -0.400805
       2.626627,        1.508696,       -0.379589
       2.634635,        1.505726,       -0.358420
       2.642643,        1.502927,       -0.337304
       2.650651,        1.500296,       -0.316248
       2.658659,        1.497833,       -0.295257
       2.666667,        1.495539,       -0.274339
       2.674675,        1.493411,       -0.253498
       2.682683,        1.491451,       -0.232742
       2.690691,        1.489656,       -0.212076
       2.698699,        1.488026,       -0.191507
       2.706707,        1.486561,       -0.171039
       2.714715,        1.485259,       -0.150678
       2.722723,        1.484120,       -0.130431
       2.730731,        1.483143,       -0.110303
       2.738739,        1.482327,       -0.090299
       2.746747,        1.481670,       -0.070425
       2.754755,        1.481172,       -0.050686
       2.762763,        1.480831,       -0.031087
       2.770771,        1.480647,       -0.011634
       2.778779,        1.480619,        0.007669
       2.786787,        1.480744,        0.026817
       2.794795,        1.481022,        0.045804
       2.802803,        1.481452,        0.064625
       2.810811,        1.482032,        0.083277
       2.818819,        1.482760,        0.101755
       2.826827,        1.483636,        0.120053
       2.834835,        1.484658,        0.138168
       2.842843,        1.485824,        0.156096
       2.850851,        1.487134,        0.173831
       2.858859,        1.488584,        0.191370
       2.866867,        1.490175,        0.208709
       2.874875,        1.491903,        0.225844
       2.882883,        1.493769,        0.242770
       2.890891,        1.495768,        0.259485
       2.898899,        1.497902,        0.275985
       2.906907,        1.500166,        0.292265
       2.914915,        1.502560,        0.308323
       2.922923,        1.505082,        0.324155
       2.930931,        1.507730,        0.339759
       2.938939,        1.510502,        0.355129
       2.946947,        1.513397,        0.370265
       2.954955,        1.516412,        0.385162
       2.962963,        1.519545,        0.399818
       2.970971,        1.522795,        0.414230
       2.978979,        1.526160,        0.428395
       2.986987,        1.529637,        0.442311
       2.994995,        1.533224,        0.455976
       3.003003,        1.536921,        0.469386
       3.011011,        1.540724,        0.482540
       3.019019,        1.544631,        0.495436
       3.027027,        1.548641,        0.508071
       3.035035,        1.552751,        0.520444
       3.043043,        1.556959,        0.532552
       3.051051,        1.561263,        0.544394
       3.059059,        1.565661,        0.555968
       3.067067,        1.570151,        0.567272
       3.075075,        1.574731,        0.578306
       3.083083,        1.579398,        0.589068
       3.091091,        1.584150,        0.599556
       3.099099,        1.588986,        0.609769
       3.107107,        1.593902,        0.619706
       3.115115,        1.598897,        0.629367
       3.123123,        1.603969,        0.638749
       3.131131,        1.609114,        0.647854
       3.139139,        1.614332,        0.656679
       3.147147,        1.619619,        0.665224
       3.155155,        1.624974,        0.673489
       3.163163,        1.630394,        0.681473
       3.171171,        1.635877,        0.689176
       3.179179,        1.641421,        0.696598
       3.187187,        1.647023,        0.703738
       3.195195,        1.652682,        0.710597
       3.203203,        1.658394,        0.717175
       3.211211,        1.664158,        0.723471
       3.219219,        1.669972,        0.729486
       3.227227,        1.675833,        0.735220
       3.235235,        1.681739,        0.740674
       3.243243,        1.687688,        0.745847
       3.251251,        1.693677,        0.750742
       3.259259,        1.699704,        0.755358
       3.267267,        1.705768,        0.759695
       3.275275,        1.711865,        0.763756
       3.283283,        1.717994,        0.767540
       3.291291,        1.724152,        0.771049
       3.299299,        1.730338,        0.774284
       3.307307,        1.736548,        0.777246
       3.315315,        1.742782,        0.779936
       3.323323,        1.749035,        0.782355
       3.331331,        1.755308,        0.784505
       3.339339,        1.761597,        0.786387
       3.347347,        1.767899,        0.788004
       3.355355,        1.774214,        0.789355
       3.363363,        1.780539,        0.790444
       3.371371,        1.786872,        0.791271
       3.379379,        1.793210,        0.791839
       3.387387,        1.799553,        0.792149
       3.395395,        1.805896,        0.792204
       3.403403,        1.812240,        0.792005
       3.411411,        1.818581,        0.791555
       3.419419,        1.824917,        0.790855
       3.427427,        1.831248,        0.789908
       3.435435,        1.837569,        0.788716
       3.443443,        1.843881,        0.787282
       3.451451,        1.850180,        0.785607
       3.459459,        1.856465,        0.783695
       3.467467,        1.862733,        0.781547
       3.475475,        1.868984,        0.779166
       3.483483,        1.875215,        0.776556
       3.491491,        1.881424,        0.773718
       3.499499,        1.887610,        0.770655
       3.507508,        1.893771,        0.767370
       3.515516,        1.899904,        0.763866
       3.523524,        1.906009,        0.760146
       3.531532,        1.912083,        0.756212
       3.539540,        1.918125,        0.752068
       3.547548,        1.924133,        0.747716
       3.555556,        1.930106,        0.743160
       3.563564,        1.936041,        0.738403
       3.571572,        1.941938,        0.733447
       3.579580,        1.947794,        0.728296
       3.587588,        1.953609,        0.722953
       3.595596,        1.959380,        0.717422
       3.603604,        1.965106,        0.711705
       3.611612,        1.970786,        0.705806
       3.619620,        1.976417,        0.699729
       3.627628,        1.982000,        0.693475
       3.635636,        1.987532,        0.687050
       3.643644,        1.993012,        0.680456
       3.651652,        1.998439,        0.673697
       3.659660,        2.003811,        0.666777
       3.667668,        2.009127,        0.659698
       3.675676,        2.014385,        0.652464
       3.683684,        2.019586,        0.645080
       3.691692,        2.024726,        0.637547
       3.699700,        2.029806,        0.629871
       3.707708,        2.034824,        0.622054
       3.715716,        2.039779,        0.614100
       3.723724,        2.044670,        0.606014
       3.731732,        2.049496,        0.597797
       3.739740,        2.054255,        0.589455
       3.747748,        2.058947,        0.580991
       3.755756,        2.063571,        0.572408
       3.763764,        2.068126,        0.563710
       3.771772,        2.072611,        0.554901
       3.779780,        2.077025,        0.545984
       3.787788,        2.081367,        0.536964
       3.795796,        2.085637,        0.527843
       3.803804,        2.089833,        0.518626
       3.811812,        2.093955,        0.509317
       3.819820,        2.098002,        0.499918
       3.827828,        2.101974,        0.490435
       3.835836,        2.105870,        0.480869
       3.843844,        2.109688,        0.471226
       3.851852,        2.113429,        0.461509
       3.859860,        2.117093,        0.451722
       3.867868,        2.120677,        0.441867
       3.875876,        2.124183,        0.431950
       3.883884,        2.127608,        0.421973
       3.891892,        2.130954,        0.411940
       3.899900,        2.134219,        0.401855
       3.907908,        2.137403,        0.391722
       3.915916,        2.140506,        0.381544
       3.923924,        2.143528,        0.371325
       3.931932,        2.146467,        0.361068
       3.939940,        2.149324,        0.350777
       3.947948,        2.152099,        0.340455
       3.955956,        2.154791,        0.330107
       3.963964,        2.157400,        0.319735
       3.971972,        2.159925,        0.309343
       3.979980,        2.162368,        0.298935
       3.987988,        2.164727,        0.288513
       3.995996,        2.167003,        0.278082
       4.004004,        2.169195,        0.267645
       4.012012,        2.171303,        0.257205
       4.020020,        2.173328,        0.246766
       4.028028,        2.175269,        0.236331
       4.036036,        2.177127,        0.225903
       4.044044,        2.178901,        0.215485
       4.052052,        2.180592,        0.205081
       4.060060,        2.182200,        0.194694
       4.068068,        2.183724,        0.184327
       4.076076,        2.185166,        0.173983
       4.084084,        2.186525,        0.163666
       4.092092,        2.187801,        0.153378
       4.100100,        2.188995,        0.143123
       4.108108,        2.190107,        0.132903
       4.116116,        2.191137,        0.122722
       4.124124,        2.192086,        0.112583
       4.132132,        2.192954,        0.102488
       4.140140,        2.193741,        0.092440
       4.148148,        2.194448,        0.082442
       4.156156,        2.195075,        0.072497
       4.164164,        2.195623,        0.062608
       4.172172,        2.196091,        0.052777
       4.180180,        2.196481,        0.043008
       4.188188,        2.196793,        0.033302
       4.196196,        2.197028,        0.023662
       4.204204,        2.197185,        0.014091
       4.212212,        2.197266,        0.004592
       4.220220,        2.197272,       -0.004834
       4.228228,        2.197202,       -0.014183
       4.236236,        2.197057,       -0.023454
       4.244244,        2.196839,       -0.032644
       4.252252,        2.196547,       -0.041750
       4.260260,        2.196182,       -0.050771
       4.268268,        2.195746,       -0.059704
       4.276276,        2.195238,       -0.068547
       4.284284,        2.194660,       -0.077298
       4.292292,        2.194012,       -0.085956
       4.300300,        2.193295,       -0.094517
       4.308308,        2.192510,       -0.102979
       4.316316,        2.191657,       -0.111342
       4.324324,        2.190738,       -0.119603
       4.332332,        2.189753,       -0.127761
       4.340340,        2.188703,       -0.135813
       4.348348,        2.187589,       -0.143757
       4.356356,        2.186412,       -0.151593
       4.364364,        2.185172,       -0.159318
       4.372372,        2.183871,       -0.166931
       4.380380,        2.182509,       -0.174430
       4.388388,        2.181087,       -0.181814
       4.396396,        2.179607,       -0.189082
       4.404404,        2.178069,       -0.196231
       4.412412,        2.176474,       -0.203261
       4.420420,        2.174823,       -0.210170
       4.428428,        2.173117,       -0.216958
       4.436436,        2.171358,       -0.223622
       4.444444,        2.169545,       -0.230162
       4.452452,        2.167680,       -0.236576
       4.460460,        2.165765,       -0.242864
       4.468468,        2.163799,       -0.249025
       4.476476,        2.161785,       -0.255057
       4.484484,        2.159723,       -0.260960
       4.492492,        2.157614,       -0.266733
       4.500501,        2.155459,       -0.272374
       4.508509,        2.153259,       -0.277884
       4.516517,        2.151016,       -0.283262
       4.524525,        2.148730,       -0.288506
       4.532533,        2.146403,       -0.293616
       4.540541,        2.144035,       -0.298592
       4.548549,        2.141627,       -0.303434
       4.556557,        2.139182,       -0.308140
       4.564565,        2.136699,       -0.312710
       4.572573,        2.134180,       -0.317144
       4.580581,        2.131626,       -0.321441
       4.588589,        2.129038,       -0.325602
       4.596597,        2.126417,       -0.329625
       4.604605,        2.123764,       -0.333512
       4.612613,        2.121081,       -0.337261
       4.620621,        2.118368,       -0.340872
       4.628629,        2.115627,       -0.344346
       4.636637,        2.112858,       -0.347683
       4.644645,        2.110063,       -0.350881
       4.652653,        2.107243,       -0.353943
       4.660661,        2.104399,       -0.356867
       4.668669,        2.101531,       -0.359653
       4.676677,        2.098642,       -0.362303
       4.684685,        2.095733,       -0.364816
       4.692693,        2.092803,       -0.367192
       4.700701,        2.089855,       -0.369433
       4.708709,        2.086890,       -0.371537
       4.716717,        2.083908,       -0.373506
       4.724725,        2.080911,       -0.375340
       4.732733,        2.077899,       -0.377039
       4.740741,        2.074875,       -0.378605
       4.748749,        2.071838,       -0.380037
       4.756757,        2.068790,       -0.381337
       4.764765,        2.065732,       -0.382504
       4.772773,        2.062666,       -0.383539
       4.780781,        2.059591,       -0.384444
       4.788789,        2.056510,       -0.385219
       4.796797,        2.053423,       -0.385865
       4.804805,        2.050331,       -0.386382
       4.812813,        2.047236,       -0.386772
       4.820821,        2.044138,       -0.387035
       4.828829,        2.041038,       -0.387172
       4.836837,        2.037937,       -0.387184
       4.844845,        2.034837,       -0.387073
       4.852853,        2.031738,       -0.386839
       4.860861,        2.028641,       -0.386483
       4.868869,        2.025548,       -0.386006
       4.876877,        2.022459,       -0.385410
       4.884885,        2.019375,       -0.384695
       4.892893,        2.016297,       -0.383863
       4.900901,        2.013226,       -0.382915
       4.908909,        2.010163,       -0.381852
       4.916917,        2.007109,       -0.380675
       4.924925,        2.004065,       -0.379387
       4.932933,        2.001031,       -0.377987
       4.940941,        1.998009,       -0.376477
       4.948949,        1.995000,       -0.374859
       4.956957,        1.992004,       -0.373134
       4.964965,        1.989022,       -0.371304
       4.972973,        1.986055,       -0.369369
       4.980981,        1.983104,       -0.367332
       4.988989,        1.980169,       -0.365194
       4.996997,        1.977252,       -0.362955
       5.005005,        1.974353,       -0.360619
       5.013013,        1.971473,       -0.358186
       5.021021,        1.968614,       -0.355657
       5.029029,        1.965774,       -0.353035
       5.037037,        1.962956,       -0.350321
       5.045045,        1.960160,       -0.347517
       5.053053,        1.957387,       -0.344623
       5.061061,        1.954637,       -0.341643
       5.069069,        1.951911,       -0.338577
       5.077077,        1.949210,       -0.335427
       5.085085,        1.946535,       -0.332195
       5.093093,        1.943886,       -0.328882
       5.101101,        1.941263,       -0.325491
       5.109109,        1.938668,       -0.322022
       5.117117,        1.936101,       -0.318478
       5.125125,        1.933563,       -0.314860
       5.133133,        1.931054,       -0.311171
       5.141141,        1.928575,       -0.307411
       5.149149,        1.926126,       -0.303583
       5.157157,        1.923708,       -0.299688
       5.165165,        1.921321,       -0.295728
       5.173173,        1.918966,       -0.291705
       5.181181,        1.916644,       -0.287621
       5.189189,        1.914354,       -0.283477
       5.197197,        1.912098,       -0.279275
       5.205205,        1.909876,       -0.275018
       5.213213,        1.907688,       -0.270706
       5.221221,        1.905535,       -0.266342
       5.229229,        1.903416,       -0.261928
       5.237237,        1.901334,       -0.257465
       5.245245,        1.899287,       -0.252955
       5.253253,        1.897277,       -0.248400
       5.261261,        1.895303,       -0.243801
       5.269269,        1.893366,       -0.239161
       5.277277,        1.891466,       -0.234482
       5.285285,        1.889604,       -0.229764
       5.293293,        1.887780,       -0.225011
       5.301301,        1.885994,       -0.220224
       5.309309,        1.884247,       -0.215404
       5.317317,        1.882538,       -0.210553
       5.325325,        1.880868,       -0.205674
       5.333333,        1.879237,       -0.200767
       5.341341,        1.877646,       -0.195835
       5.349349,        1.876094,       -0.190880
       5.357357,        1.874582,       -0.185903
       5.365365,        1.873110,       -0.180906
       5.373373,        1.871678,       -0.175891
       5.381381,        1.870287,       -0.170860
       5.389389,        1.868935,       -0.165813
       5.397397,        1.867624,       -0.160754
       5.405405,        1.866354,       -0.155684
       5.413413,        1.865124,       -0.150604
       5.421421,        1.863935,       -0.145516
       5.429429,        1.862787,       -0.140422
       5.437437,        1.861679,       -0.135323
       5.445445,        1.860613,       -0.130222
       5.453453,        1.859587,       -0.125119
       5.461461,        1.858602,       -0.120017
       5.469469,        1.857658,       -0.114917
       5.477477,        1.856754,       -0.109821
       5.485485,        1.855892,       -0.104730
       5.493493,        1.855070,       -0.099646
       5.501502,        1.854289,       -0.094570
       5.509510,        1.853549,       -0.089505
       5.517518,        1.852849,       -0.084451
       5.525526,        1.852190,       -0.079410
       5.533534,        1.851570,       -0.074383
       5.541542,        1.850991,       -0.069373
       5.549550,        1.850453,       -0.064380
       5.557558,        1.849954,       -0.059407
       5.565566,        1.849494,       -0.054453
       5.573574,        1.849075,       -0.049522
       5.581582,        1.848695,       -0.044614
       5.589590,        1.848354,       -0.039730
       5.597598,        1.848052,       -0.034873
       5.605606,        1.847789,       -0.030043
       5.613614,        1.847564,       -0.025241
       5.621622,        1.847378,       -0.020470
       5.629630,        1.847230,       -0.015730
       5.637638,        1.847120,       -0.011022
       5.645646,        1.847047,       -0.006349
       5.653654,        1.847012,       -0.001710
       5.661662,        1.847013,        0.002893
       5.669670,        1.847052,        0.007458
       5.677678,        1.847126,        0.011984
       5.685686,        1.847237,        0.016471
       5.693694,        1.847384,        0.020917
       5.701702,        1.847566,        0.025321
       5.709710,        1.847784,        0.029682
       5.717718,        1.848036,        0.033999
       5.725726,        1.848322,        0.038271
       5.733734,        1.848643,        0.042497
       5.741742,        1.848997,        0.046675
       5.749750,        1.849385,        0.050806
       5.757758,        1.849805,        0.054888
       5.765766,        1.850258,        0.058920
       5.773774,        1.850743,        0.062901
       5.781782,        1.851260,        0.066830
       5.789790,        1.851808,        0.070707
       5.797798,        1.852387,        0.074530
       5.805806,        1.852997,        0.078299
       5.813814,        1.853636,        0.082014
       5.821822,        1.854305,        0.085673
       5.829830,        1.855003,        0.089275
       5.837838,        1.855730,        0.092820
       5.845846,        1.856485,        0.096308
       5.853854,        1.857268,        0.099737
       5.861862,        1.858078,        0.103107
       5.869870,        1.858915,        0.106418
       5.877878,        1.859778,        0.109668
       5.885886,        1.860667,        0.112857
       5.893894,        1.861581,        0.115985
       5.901902,        1.862520,        0.119051
       5.909910,        1.863483,        0.122055
       5.917918,        1.864470,        0.124996
       5.925926,        1.865481,        0.127873
       5.933934,        1.866514,        0.130687
       5.941942,        1.867570,        0.133437
       5.949950,        1.868648,        0.136123
       5.957958,        1.869747,        0.138744
       5.965966,        1.870866,        0.141299
       5.973974,        1.872006,        0.143789
       5.981982,        1.873166,        0.146214
       5.989990,        1.874344,        0.148572
       5.997998,        1.875542,        0.150865
       6.006006,        1.876757,        0.153091
       6.014014,        1.877991,        0.155250
       6.022022,        1.879241,        0.157343
       6.030030,        1.880508,        0.159368
       6.038038,        1.881790,        0.161327
       6.046046,        1.883089,        0.163219
       6.054054,        1.884402,        0.165043
       6.062062,        1.885729,        0.166801
       6.070070,        1.887071,        0.168491
       6.078078,        1.888426,        0.170114
       6.086086,        1.889793,        0.171669
       6.094094,        1.891173,        0.173158
       6.102102,        1.892564,        0.174579
       6.110110,        1.893967,        0.175933
       6.118118,        1.895380,        0.177221
       6.126126,        1.896803,        0.178441
       6.134134,        1.898236,        0.179595
       6.142142,        1.899678,        0.180682
       6.150150,        1.901128,        0.181703
       6.158158,        1.902587,        0.182658
       6.166166,        1.904052,        0.183547
       6.174174,        1.905525,        0.184370
       6.182182,        1.907004,        0.185127
       6.190190,        1.908489,        0.185820
       6.198198,        1.909979,        0.186447
       6.206206,        1.911474,        0.187010
       6.214214,        1.912973,        0.187509
       6.222222,        1.914476,        0.187944
       6.230230,        1.915983,        0.188315
       6.238238,        1.917492,        0.188624
       6.246246,        1.919003,        0.188869
       6.254254,        1.920516,        0.189052
       6.262262,        1.922030,        0.189174
       6.270270,        1.923546,        0.189234
       6.278278,        1.925061,        0.189233
       6.286286,        1.926576,        0.189171
       6.294294,        1.928091,        0.189050
       6.302302,        1.929604,        0.188869
       6.310310,        1.931116,        0.188629
       6.318318,        1.932625,        0.188331
       6.326326,        1.934132,        0.187975
       6.334334,        1.935636,        0.187562
       6.342342,        1.937137,        0.187092
       6.350350,        1.938633,        0.186566
       6.358358,        1.940125,        0.185985
       6.366366,        1.941613,        0.185349
       6.374374,        1.943095,        0.184658
       6.382382,        1.944571,        0.183914
       6.390390,        1.946041,        0.183117
       6.398398,        1.947505,        0.182268
       6.406406,        1.948961,        0.181368
       6.414414,        1.950410,        0.180417
       6.422422,        1.951852,        0.179415
       6.430430,        1.953285,        0.178364
       6.438438,        1.954710,        0.177265
       6.446446,        1.956126,        0.176117
       6.454454,        1.957532,        0.174923
       6.462462,        1.958929,        0.173681
       6.470470,        1.960315,        0.172395
       6.478478,        1.961691,        0.171063
       6.486486,        1.963057,        0.169687
       6.494494,        1.964411,        0.168268
       6.502503,        1.965753,        0.166807
       6.510511,        1.967084,        0.165303
       6.518519,        1.968403,        0.163759
       6.526527,        1.969709,        0.162175
       6.534535,        1.971002,        0.160551
       6.542543,        1.972282,        0.158889
       6.550551,        1.973549,        0.157190
       6.558559,        1.974802,        0.155453
       6.566567,        1.976041,        0.153681
       6.574575,        1.977266,        0.151874
       6.582583,        1.978476,        0.150032
       6.590591,        1.979671,        0.148157
       6.598599,        1.980851,        0.146250
       6.606607,        1.982016,        0.144311
       6.614615,        1.983165,        0.142341
       6.622623,        1.984298,        0.140342
       6.630631,        1.985415,        0.138313
       6.638639,        1.986516,        0.136257
       6.646647,        1.987600,        0.134173
       6.654655,        1.988668,        0.132062
       6.662663,        1.989718,        0.129927
       6.670671,        1.990751,        0.127766
       6.678679,        1.991767,        0.125582
       6.686687,        1.992765,        0.123375
       6.694695,        1.993746,        0.121146
       6.702703,        1.994709,        0.118897
       6.710711,        1.995653,        0.116627
       6.718719,        1.996579,        0.114337
       6.726727,        1.997487,        0.112030
       6.734735,        1.998377,        0.109704
       6.742743,        1.999248,        0.107363
       6.750751,        2.000099,        0.105005
       6.758759,        2.000932,        0.102633
       6.766767,        2.001746,        0.100246
       6.774775,        2.002541,        0.097847
       6.782783,        2.003317,        0.095435
       6.790791,        2.004073,        0.093012
       6.798799,        2.004809,        0.090578
       6.806807,        2.005527,        0.088135
       6.814815,        2.006224,        0.085683
       6.822823,        2.006902,        0.083223
       6.830831,        2.007560,        0.080756
       6.838839,        2.008199,        0.078282
       6.846847,        2.008818,        0.075804
       6.854855,        2.009416,        0.073320
       6.862863,        2.009995,        0.070833
       6.870871,        2.010554,        0.068343
       6.878879,        2.011093,        0.065851
       6.886887,        2.011612,        0.063358
       6.894895,        2.012111,        0.060864
       6.902903,        2.012590,        0.058370
       6.910911,        2.013049,        0.055878
       6.918919,        2.013488,        0.053387
       6.926927,        2.013908,        0.050899
       6.934935,        2.014307,        0.048415
       6.942943,        2.014686,        0.045935
       6.950951,        2.015046,        0.043460
       6.958959,        2.015386,        0.040990
       6.966967,        2.015706,        0.038527
       6.974975,        2.016006,        0.036071
       6.982983,        2.016287,        0.033624
       6.990991,        2.016548,        0.031184
       6.998999,        2.016790,        0.028755
       7.007007,        2.017012,        0.026335
       7.015015,        2.017215,        0.023926
       7.023023,        2.017398,        0.021528
       7.031031,        2.017563,        0.019143
       7.039039,        2.017708,        0.016771
       7.047047,        2.017834,        0.014411
       7.055055,        2.017942,        0.012066
       7.063063,        2.018031,        0.009736
       7.071071,        2.018101,        0.007421
       7.079079,        2.018153,        0.005122
       7.087087,        2.018186,        0.002840
       7.095095,        2.018201,        0.000575
       7.103103,        2.018198,       -0.001673
       7.111111,        2.018178,       -0.003902
       7.119119,        2.018139,       -0.006112
       7.127127,        2.018083,       -0.008302
       7.135135,        2.018009,       -0.010473
       7.143143,        2.017918,       -0.012623
       7.151151,        2.017810,       -0.014752
       7.159159,        2.017685,       -0.016860
       7.167167,        2.017543,       -0.018945
       7.175175,        2.017384,       -0.021008
       7.183183,        2.017209,       -0.023047
       7.191191,        2.017018,       -0.025063
       7.199199,        2.016810,       -0.027055
       7.207207,        2.016587,       -0.029023
       7.215215,        2.016348,       -0.030966
       7.223223,        2.016094,       -0.032883
       7.231231,        2.015824,       -0.034775
       7.239239,        2.015539,       -0.036641
       7.247247,        2.015240,       -0.038480
       7.255255,        2.014926,       -0.040292
       7.263263,        2.014597,       -0.042077
       7.271271,        2.014254,       -0.043835
       7.279279,        2.013897,       -0.045564
       7.287287,        2.013527,       -0.047266
       7.295295,        2.013143,       -0.048938
       7.303303,        2.012745,       -0.050582
       7.311311,        2.012335,       -0.052197
       7.319319,        2.011912,       -0.053782
       7.327327,        2.011476,       -0.055337
       7.335335,        2.011027,       -0.056862
       7.343343,        2.010567,       -0.058357
       7.351351,        2.010095,       -0.059822
       7.359359,        2.009611,       -0.061256
       7.367367,        2.009116,       -0.062659
       7.375375,        2.008609,       -0.064030
       7.383383,        2.008092,       -0.065371
       7.391391,        2.007564,       -0.066680
       7.399399,        2.007026,       -0.067957
       7.407407,        2.006478,       -0.069202
       7.415415,        2.005919,       -0.070416
       7.423423,        2.005352,       -0.071597
       7.431431,        2.004774,       -0.072746
       7.439439,        2.004188,       -0.073862
       7.447447,        2.003593,       -0.074947
       7.455455,        2.002989,       -0.075998
       7.463463,        2.002377,       -0.077017
       7.471471,        2.001757,       -0.078004
       7.479479,        2.001129,       -0.078957
       7.487487,        2.000494,       -0.079878
       7.495495,        1.999851,       -0.080766
       7.503504,        1.999202,       -0.081621
       7.511512,        1.998545,       -0.082443
       7.519520,        1.997883,       -0.083233
       7.527528,        1.997213,       -0.083989
       7.535536,        1.996538,       -0.084713
       7.543544,        1.995858,       -0.085404
       7.551552,        1.995172,       -0.086062
       7.559560,        1.994480,       -0.086687
       7.567568,        1.993784,       -0.087280
       7.575576,        1.993083,       -0.087840
       7.583584,        1.992378,       -0.088368
       7.591592,        1.991669,       -0.088863
       7.599600,        1.990956,       -0.089326
       7.607608,        1.990239,       -0.089756
       7.615616,        1.989519,       -0.090155
       7.623624,        1.988796,       -0.090522
       7.631632,        1.988070,       -0.090856
       7.639640,        1.987341,       -0.091159
       7.647648,        1.986610,       -0.091431
       7.655656,        1.985877,       -0.091671
       7.663664,        1.985142,       -0.091880
       7.671672,        1.984406,       -0.092058
       7.679680,        1.983668,       -0.092205
       7.687688,        1.982929,       -0.092322
       7.695696,        1.982190,       -0.092408
       7.703704,        1.981450,       -0.092464
       7.711712,        1.980709,       -0.092489
       7.719720,        1.979968,       -0.092485
       7.727728,        1.979228,       -0.092452
       7.735736,        1.978488,       -0.092389
       7.743744,        1.977748,       -0.092298
       7.751752,        1.977009,       -0.092177
       7.759760,        1.976272,       -0.092028
       7.767768,        1.975535,       -0.091851
       7.775776,        1.974800,       -0.091646
       7.783784,        1.974067,       -0.091413
       7.791792,        1.973336,       -0.091153
       7.799800,        1.972607,       -0.090865
       7.807808,        1.971881,       -0.090551
       7.815816,        1.971157,       -0.090211
       7.823824,        1.970435,       -0.089844
       7.831832,        1.969717,       -0.089452
       7.839840,        1.969002,       -0.089034
       7.847848,        1.968291,       -0.088591
       7.855856,        1.967583,       -0.088123
       7.863864,        1.966879,       -0.087631
       7.871872,        1.966179,       -0.087114
       7.879880,        1.965483,       -0.086574
       7.887888,        1.964791,       -0.086011
       7.895896,        1.964105,       -0.085424
       7.903904,        1.963423,       -0.084815
       7.911912,        1.962745,       -0.084184
       7.919920,        1.962073,       -0.083530
       7.927928,        1.961407,       -0.082856
       7.935936,        1.960746,       -0.082160
       7.943944,        1.960090,       -0.081443
       7.951952,        1.959440,       -0.080706
       7.959960,        1.958797,       -0.079949
       7.967968,        1.958159,       -0.079172
       7.975976,        1.957528,       -0.078376
       7.983984,        1.956903,       -0.077562
       7.991992,        1.956284,       -0.076729
       8.000000,        1.955673,       -0.075879
       8.008008,        1.955068,       -0.075010
