-5 0.0857278 9.61845
-4.95 0.0887078 9.60947
-4.9 0.0917889 9.60021
-4.85 0.0949741 9.59066
-4.8 0.0982667 9.58082
-4.75 0.10167 9.57067
-4.7 0.105187 9.56022
-4.65 0.108822 9.54945
-4.6 0.112578 9.53836
-4.55 0.116459 9.52695
-4.5 0.120467 9.51519
-4.45 0.124608 9.5031
-4.4 0.128884 9.49066
-4.35 0.133299 9.47787
-4.3 0.137858 9.46472
-4.25 0.142563 9.45121
-4.2 0.14742 9.43733
-4.15 0.15243 9.42309
-4.1 0.157599 9.40848
-4.05 0.162931 9.39349
-4 0.168428 9.37813
-3.95 0.174095 9.3624
-3.9 0.179934 9.34629
-3.85 0.185951 9.32982
-3.8 0.192147 9.31298
-3.75 0.198526 9.29578
-3.7 0.205092 9.27823
-3.65 0.211846 9.26034
-3.6 0.218791 9.24212
-3.55 0.225929 9.22359
-3.5 0.233263 9.20476
-3.45 0.240793 9.18566
-3.4 0.24852 9.1663
-3.35 0.256444 9.14672
-3.3 0.264566 9.12695
-3.25 0.272884 9.10703
-3.2 0.281395 9.08699
-3.15 0.290099 9.06688
-3.1 0.29899 9.04676
-3.05 0.308064 9.02668
-3 0.317315 9.00672
-2.95 0.326736 8.98694
-2.9 0.336318 8.96743
-2.85 0.346049 8.94827
-2.8 0.355919 8.92957
-2.75 0.365913 8.91144
-2.7 0.376014 8.894
-2.65 0.386205 8.87738
-2.6 0.396463 8.86172
-2.55 0.406765 8.84719
-2.5 0.417085 8.83396
-2.45 0.427392 8.82221
-2.4 0.437653 8.81215
-2.35 0.447832 8.80399
-2.3 0.457888 8.79797
-2.25 0.467777 8.79434
-2.2 0.477449 8.79337
-2.15 0.486852 8.79535
-2.1 0.495929 8.80057
-2.05 0.504616 8.80938
-2 0.512846 8.8221
-1.95 0.520549 8.83909
-1.9 0.527645 8.86073
-1.85 0.534055 8.8874
-1.8 0.53969 8.9195
-1.75 0.54446 8.95744
-1.7 0.548269 9.00165
-1.65 0.551018 9.05254
-1.6 0.552603 9.11053
-1.55 0.552918 9.17606
-1.5 0.551855 9.24952
-1.45 0.549305 9.33131
-1.4 0.545157 9.42181
-1.35 0.539303 9.52137
-1.3 0.531635 9.63028
-1.25 0.522052 9.74883
-1.2 0.510455 9.87721
-1.15 0.496753 10.0156
-1.1 0.480864 10.164
-1.05 0.462717 10.3225
-1 0.442253 10.491
-0.95 0.419429 10.6693
-0.9 0.394217 10.8571
-0.85 0.366608 11.054
-0.8 0.336614 11.2595
-0.75 0.304267 11.473
-0.7 0.269622 11.6936
-0.65 0.23276 11.9207
-0.6 0.193784 12.153
-0.55 0.152821 12.3897
-0.5 0.110025 12.6294
-0.45 0.06557 12.871
-0.4 0.0196543 13.113
-0.35 -0.0275045 13.354
-0.3 -0.0756708 13.5927
-0.25 -0.124594 13.8275
-0.2 -0.17401 14.0569
-0.15 -0.223649 14.2796
-0.1 -0.273233 14.494
-0.05 -0.400989 14.6993
0 10.3821 16.5
0.05 -0.306066 15.0757
0.1 -0.465524 15.2443
0.15 -0.510774 15.3996
0.2 -0.554414 15.5401
0.25 -0.596237 15.6654
0.3 -0.636053 15.775
0.35 -0.673699 15.8685
0.4 -0.709037 15.9459
0.45 -0.741952 16.0071
0.5 -0.772356 16.0523
0.55 -0.800186 16.0818
0.6 -0.825406 16.0959
0.65 -0.848002 16.0953
0.7 -0.867981 16.0805
0.75 -0.885374 16.0522
0.8 -0.900228 16.0112
0.85 -0.912609 15.9584
0.9 -0.922596 15.8946
0.95 -0.930282 15.8206
1 -0.93577 15.7374
1.05 -0.939171 15.6459
1.1 -0.940602 15.547
1.15 -0.940186 15.4415
1.2 -0.938047 15.3304
1.25 -0.934312 15.2143
1.3 -0.929105 15.0942
1.35 -0.922553 14.9707
1.4 -0.914775 14.8446
1.45 -0.905891 14.7165
1.5 -0.896016 14.587
1.55 -0.885258 14.4566
1.6 -0.873723 14.3259
1.65 -0.861509 14.1953
1.7 -0.848709 14.0652
1.75 -0.835411 13.9361
1.8 -0.821696 13.8082
1.85 -0.80764 13.6818
1.9 -0.793312 13.5571
1.95 -0.778777 13.4345
2 -0.764093 13.314
2.05 -0.749314 13.1959
2.1 -0.734488 13.0802
2.15 -0.71966 12.9671
2.2 -0.704868 12.8566
2.25 -0.690147 12.7488
2.3 -0.675529 12.6438
2.35 -0.661042 12.5415
2.4 -0.646709 12.442
2.45 -0.632552 12.3453
2.5 -0.618589 12.2514
2.55 -0.604835 12.1602
2.6 -0.591303 12.0717
2.65 -0.578005 11.9859
2.7 -0.56495 11.9027
2.75 -0.552144 11.8221
2.8 -0.539594 11.7441
2.85 -0.527303 11.6685
2.9 -0.515275 11.5954
2.95 -0.50351 11.5246
3 -0.492011 11.456
3.05 -0.480775 11.3898
3.1 -0.469803 11.3256
3.15 -0.459093 11.2636
3.2 -0.448641 11.2036
3.25 -0.438446 11.1456
3.3 -0.428504 11.0895
3.35 -0.418811 11.0353
3.4 -0.409363 10.9828
3.45 -0.400156 10.9321
3.5 -0.391185 10.883
3.55 -0.382446 10.8355
3.6 -0.373933 10.7896
3.65 -0.365642 10.7452
3.7 -0.357567 10.7022
3.75 -0.349704 10.6606
3.8 -0.342047 10.6204
3.85 -0.334592 10.5815
3.9 -0.327332 10.5438
3.95 -0.320263 10.5073
4 -0.31338 10.472
4.05 -0.306679 10.4377
4.1 -0.300153 10.4046
4.15 -0.293798 10.3725
4.2 -0.28761 10.3414
4.25 -0.281583 10.3113
4.3 -0.275714 10.282
4.35 -0.269997 10.2537
4.4 -0.264429 10.2263
4.45 -0.259004 10.1996
4.5 -0.25372 10.1738
4.55 -0.248571 10.1487
4.6 -0.243554 10.1244
4.65 -0.238665 10.1008
4.7 -0.2339 10.0779
4.75 -0.229256 10.0557
4.8 -0.224728 10.0341
4.85 -0.220315 10.0131
4.9 -0.216011 9.99272
4.95 -0.211815 9.97292
5 -0.207722 9.95367
